#AUTOMATICALLY GENERATED FILE - DO NOT MODIFY BY HAND
#Generate_Packings base class input parameters
[PACKING]
seed_takestep: 3545892020
seed_swap: 1634586613
seed_generate_packing: 2267873178
seed_probability_step_pattern: 1308482302
method: direct
nparticles: 16
packing_fraction: 0.5
boxdim: 3
ndim: 48
radii_mean: 1.0
radii_stdev: 0.05
max_iter: 1
boxv: 5.1075673359241831 5.1075673359241831 5.1075673359241831 
distance_method: PERIODIC
pot_kwargs: {'balance_omp': True}
[CODEVERSION]
basinvolume_version: 941d0165574518cda73cd937853bb0153588b324
mcpele_version: b9b227c72a676fae62df77352ab758b0dc5dd1b0
pele_version: a14bed69c9fe71d36f11513e21aacf56770d7ef1
python_version: 3.8.1
cython_version: 0.29.21
